2303.05367
2302.07459
2310.04406
2308.0316
2010.08191
2308.14286
2010.11386
2212.10550
2307.05014
2008.10150
2308.09311
2210.06006
2301.04604
2301.08730
2308.10792
2211.10440
2308.11186
2011.07435
2309.00711
2111.11632
2305.04118
2109.05892
2308.06947
2308.04829
2305.10841
1906.00817
2308.1031
2309.04354
2307.08579
2308.03176
1903.06902
2303.01559
2309.04146
2301.01146
2210.14831
2304.10700
2306.00637
2307.16825
2310.04378
2305.09662
2308.05744
2211.09260
2110.03485
2305.03048
2308.07737
2309.06180
2303.06209
2306.00029
2305.04391
2306.02707
2306.13776
2308.06701
2303.12621
2203.00867
2306.16940
2303.00971
2207.00026
2308.15367
2309.08491
2211.14126
2304.10528
2205.08851
2212.00774
1807.10589
1711.08590
2211.16960
2308.10147
2202.04200
2206.08853
2305.05091
2308.11072
2212.07796
2303.16520
2308.04682
2303.10100
1903.02271
1804.11191
2308.08220
1703.01827
2211.12870
2303.06836
2307.15958
2203.14941
2305.00646
2309.03185
2108.06098
2307.15020
2305.02665
2303.05675
2305.13534
2304.00571
2302.14771
2304.11862
2304.07803
1911.10862
2211.10655
2302.07387
2303.11225
2212.04145
2309.08051
2305.19370
2309.00216
2302.14673
2111.06377
2210.09304
2304.02051
2206.01986
2212.04495
2303.07653
2308.16890
2212.08061
2010.09954
2302.11603
2307.06857
2304.04556
2306.14153
2210.02406
2210.01857
2303.13325
2306.03024
2303.15433
2309.04509
2012.09740
2309.14174
2308.01779
2308.12894
2306.00984
2305.15581
2306.00739
2308.09662
2303.09870
2307.02477
2309.02429
2310.03026
2211.16152
2110.14943
2308.08942
2010.03205
1902.04187
2303.09877
2310.08475
2303.11643
2004.04906
2103.13322
1606.07757
2305.07615
2305.16264
2308.05681
2303.14725
1902.06423
1805.07468
2309.02405
2206.10207
2308.07146
1910.03752
2302.12915
2305.17493
2112.09118
2305.10945
2303.05689
2308.04583
2306.00980
2003.08271
2303.07345
2212.04823
2302.03802
2307.14936
2307.13756
2107.01408
2204.05610
2305.05662
2308.01300
1808.07371
2211.15367
2308.16137
2209.09513
2305.07378
2304.00600
2302.10202
2201.13100
1901.09392
2110.02879
2303.08998
2301.02657
1806.04510
2305.14201
2004.14269
2211.12764
2306.04619
2301.08739
1903.01093
2308.08239
1711.11279
2210.03493
2208.02532
2310.09263
2309.09390
2308.10032
2308.11696
2205.13412
2310.09983
2305.15393
2305.14985
2210.02889
2308.09853
1901.04085
1912.01991
2303.10826
1903.01611
2208.13049
2307.08448
2305.04966
2302.06810
2307.01938
2303.05050
2112.12251
2305.07722
2307.10713
2309.07084
2204.02663
2307.15409
2308.03262
2303.07347
2011.12490
2211.14306
2007.12865
2112.08140
2210.03114
2309.16414
2007.0988
2102.03243
2310.01889
2202.07800
2212.10264
2303.12766
2302.12995
2211.16630
2105.03933
2302.10893
2303.07820
2302.14574
2307.05445
2309.12998
1906.12340
2203.11171
2310.04408
2306.03083
2106.02713
2305.12001
1610.01685
2204.10825
2306.10008
2001.04063
2309.14402
2309.15818
2212.05058
1609.02200
2202.03376
2004.14074
2208.03516
2309.14786
2211.12634
2305.08844
2209.07778
2305.10320
2309.12969
2209.03716
2001.09099
2305.17126
2310.01412
2211.10528
2307.15042
2309.11847
2308.05382
2307.15337
2304.13157
2105.08791
2301.01661
2110.00641
2104.12671
2305.11841
2305.12219
2306.10169
2308.07902
2208.03188
2303.08698
2309.12307
2303.01248
2212.05199
2212.04500
2307.12291
2109.08668
2305.03701
2210.13067
2204.00718
2111.13139
2007.00194
2104.08202
1906.08226
2104.12470
2303.11906
2303.14189
2303.08085
2308.04152
2005.10696
2309.06810
2305.13731
1905.01278
2306.14898
2105.13913
2303.16624
2107.09846
2308.07903
2308.10089
1904.09981
2206.01009
2303.05735
1811.11553
2212.08320
2211.11825
2308.01825
2201.12487
2212.07016
2307.14071
2205.11090
2109.04084
2303.05511
2303.07564
2308.12966
2307.16377
2307.12907
2309.16609
2307.10928
2303.11932
2105.14080
1711.10455
2211.07521
2308.08544
2205.02517
2309.09709
2310.09342
1611.08663
2307.09662
2307.15780
2308.11184
2209.15171
1603.08047
2310.06825
2303.07775
2303.16485
2206.02909
2306.00966
2305.07804
2303.06689
2110.07803
2303.16817
2303.08137
2305.15328
2201.11903
2310.01755
2305.11870
2303.10658
2210.00990
2303.13796
2303.06818
2305.03691
2303.12368
2307.06908
2306.14565
2303.12080
2306.13588
2303.12074
2309.10592
2210.17323
2308.01399
2305.06575
2005.04908
2302.03084
2307.16449
2212.11263
2306.06513
2107.06383
2306.10998
2305.15038
2305.08694
1910.12729
2210.14140
2111.13495
2307.13528
2307.13854
2109.06474
2209.13487
2210.07128
2305.03653
2304.04704
2303.08316
2209.03063
2303.06885
2306.09557
2107.09609
2305.04175
2303.08134
2303.11011
2306.07580
2309.15273
2308.1049
2310.08910
2303.10404
2308.03322
1901.03396
2307.02179
2308.10623
2309.07430
2211.06597
2109.12761
2305.16380
2303.13399
2111.00743
2308.02983
2210.07225
2203.16983
2303.03595
2303.13845
2307.10936
2308.09865
2301.13331
2310.09170
2106.12871
2110.00168
2308.08871
2308.15085
2206.10658
2207.10342
2304.01464
2112.11685
1906.0546
2307.06930
2304.02643
2211.08540
2307.13933
2303.14115
2305.16355
2309.03903
2303.16618
2211.12857
1906.00283
2005.04208
2305.02677
2306.06070
2104.13921
2307.06350
2305.00833
1905.10797
2304.10306
2304.03284
2308.10461
2101.03958
2306.10830
2201.11990
2207.11163
2302.12828
2310.05060
2211.11177
2309.09298
2107.13639
1910.10706
2310.08861
2310.02521
2308.07655
2304.12670
2206.05260
2309.12970
2306.05422
2011.10464
2211.16197
2309.06714
2306.08221
2301.11326
2109.10862
2310.03937
2310.09114
2301.06855
2309.06933
2307.10816
2306.10474
2306.07944
2309.16643
2305.18231
1905.13305
2207.12101
2308.07926
2308.11194
2210.03117
1903.04019
2110.06615
2106.06125
1705.02101
2307.03183
2205.07680
2307.10635
2308.03712
2309.0242
2209.0737
2307.14127
2308.11158
2305.14318
2308.05733
2306.01116
2310.09066
2204.01321
2211.14068
2307.14008
2309.13029
2306.13091
2212.10957
2310.05915
2007.09880
2305.16300
2206.03826
2303.02483
2308.11990
2306.09778
2212.10699
2212.04088
2303.06167
2309.12934
2308.10174
1802.01880
2303.11791
2303.10598
2106.05234
2304.07919
2211.11423
2307.06439
2212.06615
2109.06780
2001.10382
2308.09597
2309.10305
2308.05493
2304.00359
2112.06749
2106.12570
2210.00939
2307.07790
2108.11714
2305.11173
2308.13404
2307.05432
2304.01194
2101.00117
2303.11726
2303.17959
2303.02280
2211.09119
2303.09187
2305.03689
2207.14227
2308.13323
1912.02315
2305.02483
2303.12370
2308.02560
2309.13015
2308.10297
2309.09501
2305.06555
2005.02534
2010.03648
2308.02510
2302.05294
2309.07970
2304.01116
2303.13496
2104.01027
2304.00741
2304.08818
2212.08254
2308.06394
2308.03757
2203.00077
2306.04488
2308.04162
2307.01831
2303.07065
2003.06877
2206.10311
2306.15401
1708.01354
2211.06444
2303.07815
2309.04800
2308.03413
2305.07214
2006.16785
2308.03296
2305.14333
2306.12570
2303.11926
2308.02453
2309.11132
2307.05463
2011.10043
2303.14368
2306.06855
2306.01669
2305.05845
2307.00117
2211.11734
2308.11096
2306.16700
2302.04866
2308.01469
2004.11231
2307.07909
2205.14443
2203.09100
2308.16689
2306.14066
1812.03252
2307.14460
2307.11469
2302.10915
2309.05810
1811.12808
2303.09875
2305.09699
2002.01196
2305.13050
2208.05719
2303.08440
2305.10431
2306.09675
2211.14710
2310.02071
2111.12681
2110.09455
2308.02097
2303.14333
2007.08349
1912.07491
2303.13090
2210.10634
2108.04186
2307.16789
2203.12677
2105.11108
2308.16184
2303.11052
2111.1482
2303.06380
2210.12459
2305.06558
2307.00119
2309.11077
2203.00537
2301.07093
2301.08727
2306.16410
2307.03025
2211.12860
2105.03748
2308.12963
2306.06624
2305.05176
2206.0164
2308.09421
2308.08709
2305.11541
2309.01420
2303.07868
2002.06353
2309.10279
2101.00027
2308.05911
2305.14878
2308.0541
2301.02111
2212.09737
2302.03665
2308.05991
1711.09846
2306.05410
2306.00890
1904.10247
2309.16671
2006.01460
2308.06125
2305.06161
2307.10172
2304.01816
2309.08872
2203.10291
2305.18295
2208.05775
2203.08745
2301.12050
2305.03981
2207.01614
1908.06066
2211.11592
2112.01898
2309.01574
2305.13068
2303.14953
2303.07522
2303.13593
2303.09095
1809.07207
2303.11298
2309.14616
2308.04026
2306.00964
2212.10509
2204.07439
2304.07193
2306.00926
2106.12314
2010.14810
2310.09291
2211.13874
2210.01887
2308.03022
2305.13626
2303.13095
2112.00775
2307.14709
2307.12101
2308.10170
2308.09829
2305.02296
2305.05189
2308.00799
2004.00646
2309.04777
2309.14976
2308.09939
2309.13037
2302.06805
2001.06392
2108.12113
2204.03809
2307.04577
2006.15437
2301.05496
2303.11526
2309.16653
2310.01404
2307.13813
2006.14063
2308.12014
2310.07713
2303.09495
2105.09816
2301.01767
2306.01061
2308.16271
2308.09916
2303.08789
2306.06189
2003.04297
2206.09191
2002.03932
2309.13018
2212.0046
2104.08051
2308.06015
2205.14217
2307.14620
2304.07438
2306.05301
2305.00633
2211.11720
2307.08300
2211.14924
2209.12343
2202.04256
1902.08666
2307.02486
2306.11932
2202.06991
2106.00221
2308.08393
2007.09549
2309.15223
2208.09833
2002.08909
2303.11545
2306.16052
2210.05129
2203.17261
2110.11405
2308.10016
2303.11629
2304.08706
2011.11233
2307.10797
2305.03726
2305.13304
2303.14773
2303.10902
2304.06212
2212.04488
2208.14614
2308.07921
2106.02227
2204.05862
2202.08791
2305.05432
2212.08914
2305.11175
2307.09004
1804.00222
2106.05237
2302.05737
1803.10348
2212.04319
2211.16032
2207.11477
2005.00200
2110.04375
2209.13583
2212.13326
2308.13785
1904.07531
2307.12463
2211.05272
2306.03038
2008.13578
2307.14535
2210.03822
2308.04758
2310.03720
2303.03108
2303.06223
2302.14115
2305.14654
2212.07766
2203.15756
1912.05906
2206.04656
2307.00804
2308.06468
2309.07749
2304.01279
2305.03514
2301.06962
2103.05236
2309.0202
2105.05332
2212.00542
2309.03852
2305.0884
2307.11108
2305.18499
2310.08772
2012.12624
2303.06873
2306.17563
2303.14470
2010.05646
2309.10020
2207.02696
2212.09235
2305.13048
2306.09864
2305.04320
2211.13999
2309.15129
2310.03744
2212.08057
1907.05737
2303.06697
2310.04925
2309.12940
1906.02287
2309.13858
2111.13853
2309.0791
2304.02602
2211.15736
2307.12730
2302.04218
2308.12038
1712.01337
2308.07625
2308.10146
2303.06856
2204.12408
2303.00502
2308.03958
1910.11480
2305.03296
2212.01558
1906.05460
2203.05175
1903.05285
1512.02479
2205.08508
2105.02274
2308.1448
2201.09865
1904.05034
2204.00185
2309.03886
2303.11296
2310.08887
2304.10539
2202.00758
2306.17156
1610.02391
2308.16463
2306.15895
2205.14756
2309.16797
2306.15091
2308.07124
2308.0822
2306.14101
2211.14651
2303.09833
2303.14863
2306.05087
2304.10628
2302.06833
2302.00268
2006.02635
2307.13459
2110.08323
2208.00780
2206.12100
2308.08155
2305.09975
2111.0823
2309.10706
2005.08392
2110.03262
2212.03099
2303.08132
2305.13788
2207.01463
2008.03802
2308.03364
2309.15807
2306.03901
2308.16825
2309.00964
2005.09814
1907.08292
2305.16338
2306.00905
2203.10610
2106.11251
2303.1514
2207.12021
1805.11063
2308.15074
2309.09724
2308.04269
2309.02144
2309.08532
1908.07021
2306.05539
2309.13363
2309.08827
2308.10462
2306.16934
2307.11299
2310.01714
2303.10437
2306.16009
2308.06873
2309.14291
2303.11546
2212.03752
2303.11567
2006.07529
2302.12827
2109.05739
2212.05867
2303.15104
2304.05866
2307.07063
2303.13005
2306.14534
2304.05335
2108.05839
1903.07593
2306.02552
2304.13728
2207.00747
2309.13339
2306.11207
2304.11477
2204.01244
2308.11737
2309.15098
2102.04208
2106.12052
2309.03989
2211.08887
2308.09583
1912.12522
2309.14322
2208.02879
2306.02858
2305.01795
2308.11417
2308.03357
2306.08647
2208.11356
1704.07813
2308.12510
2103.10022
2201.04620
2304.05316
2304.06020
1911.02150
2306.00622
2111.11704
2303.15443
2308.05550
2106.15278
2306.09635
1804.03527
2004.14255
2305.10355
2308.08872
2309.04564
2305.19452
2308.12549
2305.07153
2308.11166
2305.11778
1803.09655
2110.02999
2303.13662
1906.06669
2307.10947
2212.04048
2308.01544
2303.1329
2303.09268
2307.0990
2302.14677
2004.09890
2307.14605
2105.09710
2201.08102
2110.01691
2304.04820
2212.05370
2108.01912
2201.03454
2306.09442
2203.02155
2005.12320
2203.15207
2305.15096
2308.0284
2306.06044
2306.16857
1805.07039
2212.14704
2308.12700
2306.05427
2303.14672
2209.14792
2010.12016
2307.12158
2308.09565
2210.02077
2308.04549
2310.04921
2107.04388
2309.12424
2303.05398
2308.09882
2308.10334
2305.10474
2301.12867
2310.08929
2303.14420
2303.06674
2112.03865
1903.01973
2211.00525
2304.04978
2308.11901
2008.05437
2104.06599
2306.00378
2310.08586
2210.01863
2306.06823
2203.09630
1512.06293
2103.16173
2305.14992
2305.18290
2307.02882
2211.12380
2203.13450
2204.07143
2308.10820
2303.04869
2309.08646
2303.01052
1811.04857
2306.09539
2007.07843
2303.13852
2305.01710
2009.12232
2212.12645
2206.04846
2106.15078
2308.06259
2309.05049
2003.06816
2303.02700
2007.09296
2105.14491
2304.09842
2305.09617
2307.12980
2212.10466
2110.08094
2308.09618
2305.17390
2211.01562
2309.11523
2210.03180
2308.02487
1901.08933
2303.00040
2210.13382
2309.16588
2309.02033
2211.17084
2310.08371
2212.13563
2308.04030
2309.13002
2303.04129
2303.11324
2211.10844
2107.04163
1807.11293
2304.01373
2204.11545
2310.08826
2308.10110
2212.00972
2305.19590
2210.01240
2001.04316
2303.15324
2308.06072
2308.07847
2305.04745
2306.13840
2305.17359
2303.13043
2305.08677
2211.09117
2211.03456
2211.09085
2309.09968
2304.01830
1904.11574
2104.00650
2303.01932
2212.04248
2307.13204
2309.00233
2308.10916
2308.05605
2310.04292
2309.16585
2211.11446
2308.09098
1909.13584
2109.10465
2203.07540
2310.06692
2206.01186
2303.03323
2305.18415
2109.14119
2303.17569
2306.03484
2305.00348
2303.15678
2305.11854
2204.05239
2310.08932
2305.20081
2211.05100
2309.03882
2310.08678
2310.02255
2309.08963
2202.00181
1908.00211
2306.12422
2006.04558
2203.06169
2307.11661
2308.14963
2307.03718
2308.06383
2309.01858
2308.05884
2301.03046
2306.00245
2306.01694
2201.08903
2210.11470
2212.11684
2303.06601
2310.03731
2212.03239
2303.06594
2303.14218
1501.02530
2307.13692
2208.02646
2309.12303
2303.04341
1910.06711
2301.13808
2112.00114
2304.01201
2305.02519
2111.11840
2308.09322
2308.1188
2307.08436
2308.12968
2303.14302
2309.11495
2212.02295
1910.11831
2112.10752
2310.10631
2309.13539
2306.14795
2010.14672
2305.03040
2303.06877
2109.08603
2308.03982
2010.01412
2306.13549
2303.12048
2102.13582
2303.11329
2305.19245
2310.01557
2303.05937
2212.05638
2305.11554
2109.14739
2305.08590
1911.10375
2211.09794
2307.12560
2306.16564
2212.06785
2304.03709
2307.09306
2305.07011
2308.07968
2307.10008
2310.03046
2308.14244
2303.02375
2307.16890
2003.05383
2006.07556
2306.10007
2308.09942
2303.15108
2012.13475
2306.07970
2204.01464
2306.03360
2303.14885
2308.07686
2202.10870
2308.15827
2203.09183
2309.11998
2205.15288
2307.14971
2309.01809
2303.16482
2303.08810
2212.02497
2004.12436
2305.04812
2308.07241
2305.19234
2304.12461
2304.04227
2304.00152
2304.11744
2303.12023
2304.04745
2303.16421
2212.07398
2303.07622
2009.05041
2105.11084
1706.05806
2309.13356
2003.04276
2303.16634
2206.04667
2212.09069
2305.16411
2303.15742
2308.00906
2005.04735
2206.03009
2112.09219
2308.00398
2310.09147
2309.12288
2305.10250
2309.12972
2306.03536
2301.12004
2212.10696
2212.09802
2008.00916
2303.00215
2308.05022
2211.05776
1903.09900
2307.11458
2305.08298
2303.01311
2106.02654
2309.08586
2308.01191
2310.08948
2211.06012
2109.00642
2211.07634
2002.09102
2212.02761
2002.02848
2310.03739
2308.0555
2212.09251
2110.06051
2309.10952
1512.02902
2211.13901
1806.06850
2309.15272
2011.10566
2112.00431
2203.05557
2308.16911
2308.05326
2212.08641
2307.04787
1711.09784
1905.01639
2302.08893
2307.05000
2210.01241
2309.07986
1904.07451
2304.04370
1905.13497
2211.01324
2308.02357
2305.13301
2307.04990
2206.14858
2303.15937
2112.07194
2303.11511
2307.12217
2310.08928
2309.04663
2302.00093
2306.07954
2304.06714
2111.13196
0908.2724
2307.11984
2304.08467
2011.09899
2307.09693
2303.09224
2103.01189
2212.14034
2212.03267
2302.11154
2301.02364
2203.08913
2309.12207
2303.02151
2205.13515
2206.08289
2212.05321
2206.09457
2212.07048
2006.12156
2306.03881
1903.10677
2310.08740
2305.07514
2310.08934
2211.17042
2212.11270
2304.02419
2212.00193
2304.08479
2107.07394
2308.02180
2109.07043
2305.03937
2305.05973
2306.09341
2204.11447
2005.09561
2210.05633
2307.12280
2204.09453
2306.01941
2308.16891
2212.10621
2202.03670
2304.05868
2307.15254
2107.07343
2203.13344
2310.02219
2012.11552
2308.13954
2306.12105
2303.08084
2307.12729
2110.11309
1804.08972
2303.16899
1909.11895
2301.00330
2309.03179
2203.07706
2307.13539
2010.14484
2111.10007
2310.00704
2303.05049
2310.02207
2212.00334
1910.10288
2308.09891
2206.07687
2301.02239
2209.15003
2207.09615
2307.10062
2112.06825
2303.18125
2301.13616
2211.12853
2306.03604
2309.06440
2010.08508
2212.01076
2101.05204
1703.02018
2303.11408
2306.01438
2206.09541
2207.08536
2308.13266
2107.11357
2201.08264
1804.00746
2305.08379
2307.11386
2303.07596
2309.03453
2012.02046
2305.20088
2304.10131
2303.10334
2301.13823
2308.07732
2206.04673
2205.14141
2305.14323
2211.15069
2306.14610
2305.03509
2012.13628
2303.15140
2303.07335
2307.15131
2308.10027
2309.10438
2003.05431
2308.14972
1904.06726
2303.01748
2303.02165
2306.17253
2210.06983
2303.01480
2304.08682
2106.13863
2212.02501
1909.00876
2309.15082
2304.11743
2112.01838
2212.05698
2308.00301
2305.17010
1902.06838
2209.10901
2303.11316
2008.12009
2211.09808
2309.03809
2304.01436
2101.09459
2305.19595
2303.16270
2303.09101
2206.05149
2304.09358
2209.12152
2305.16999
2209.01320
2006.11239
2308.11874
2303.0034
2212.04129
2302.00763
2302.14340
2306.06687
2307.06135
2306.07768
2208.02012
1909.00687
2307.07924
2301.04502
2211.13775
2306.01736
1311.2901
2302.10164
2305.05591
2305.00447
2305.08891
2305.02586
2309.08773
2303.12078
2303.08340
2208.02131
1409.4667
2310.05304
2301.01569
2208.08165
2206.02066
2303.15083
2303.08364
2306.03438
2308.07922
2303.09713
2211.16991
2204.00628
2305.13735
2305.16704
2212.12017
2310.03693
2207.06324
2303.17842
2210.16870
2104.09937
2310.08825
2309.08637
2307.16617
2305.11676
2302.01162
2010.13984
1903.10972
2306.14896
1511.09230
2306.00956
2110.03860
2308.01546
2203.02549
2304.14178
2308.12774
2307.14768
2304.12535
2301.06018
2306.07957
2207.13085
2111.10601
2212.11984
2211.17263
2308.1113
2309.06262
2305.06456
2106.03253
2307.07487
2210.09084
2212.10881
2010.11694
2305.11337
2302.08504
2205.14690
2307.12981
2304.06943
2303.04671
1611.09309
2309.09971
2306.14878
2308.11358
2306.07042
2304.05128
1906.05807
2308.13467
2303.11793
2103.02014
2301.05843
2303.09535
1904.07235
2303.10597
2207.01610
1611.09969
2308.16454
2106.00967
2306.12860
2309.02436
2309.03315
2210.06366
2303.17774
2309.02020
2304.11158
2310.07875
2212.05032
2302.13439
2305.05391
2308.11093
2306.04707
1506.02078
1703.10135
2106.13884
2308.09139
2305.14540
2210.02414
2201.07202
2207.07051
2003.11618
2306.06092
1206.5538
2307.09621
2307.08357
2211.09799
2303.05916
2307.00329
2307.09724
2305.14344
2302.14578
2308.12503
2012.13048
2308.09363
2303.16160
2304.14841
2307.1463
2308.09244
2112.09583
2308.09440
2306.05424
2008.10010
2303.06247
2303.17096
2110.13640
2305.02678
2308.01937
2203.07171
2308.15049
2303.03378
2308.02151
2005.05106
2308.04430
2202.04241
2305.12833
2205.10625
2010.05006
2305.11944
2001.05786
2303.12112
2308.09511
2112.08633
2305.06908
2306.03819
1910.05872
1710.06169
2304.09801
2309.03613
2304.03410
2305.08842
2305.15272
2111.08230
2110.03611
2205.14949
2306.05357
2306.15128
2306.15400
2111.01297
2307.14225
2304.03893
2106.08166
2303.02927
2203.06390
2303.10431
2309.17102
2310.01407
2305.09770
2305.05658
2306.14048
2004.06165
2303.09730
2305.19498
2105.03075
1709.00505
2303.09665
2308.10599
2307.12856
2003.05162
2010.03509
2302.02089
2308.10185
2307.15539
2103.04831
2212.08062
2203.01937
2303.10882
2010.09567
2309.17277
2308.12383
2305.10512
2007.06028
2305.17593
2303.11040
2309.01246
2302.04023
2303.09962
1709.07807
2302.12822
2310.05069
2310.01405
1901.08991
2306.09093
2202.07432
1905.02884
1906.02825
2307.08012
1804.01665
1502.04681
2108.13320
2211.04700
2307.10776
2306.00971
2306.00802
2106.05194
2305.19059
2309.16496
1908.11587
2305.04461
2308.01240
2209.00349
2304.05772
2305.06356
2310.03716
2305.17311
2303.08320
2306.09983
2003.01950
2307.03027
2208.00809
2310.06983
2307.15942
1910.12607
2303.08308
2308.10402
2308.11339
2203.07303
2308.10337
2103.17269
2307.04721
2303.13755
2109.08828
2212.02802
1801.03454
2305.11840
2308.08545
2212.01206
2204.01264
2306.04140
1605.03705
2307.02628
2303.11739
2211.13551
2003.00982
2111.02552
1811.09021
2308.02752
2011.14522
2204.04216
2007.03331
2305.11846
2302.09311
2308.16505
1807.02811
2206.09027
2212.08541
2305.04470
2303.11114
2308.14500
2307.13251
2001.09239
2301.00785
2307.10316
2307.14995
2108.10904
2009.08553
2205.03892
2205.10249
2308.14316
2212.05973
2212.12902
2205.09314
2306.07703
2304.01515
2008.08516
2309.13556
2308.10123
2301.02280
2304.04052
2212.13824
2303.16333
2303.14644
2308.08090
2306.07179
2302.12192
1504.08083
2308.05441
2307.03704
2309.04946
1904.11407
2308.03688
2203.09410
2310.03957
2211.16386
2307.14710
2208.08835
2306.12609
2212.09561
2207.05223
2308.00436
2309.04803
2207.02094
2108.10510
2307.08476
2203.08383
2304.14407
2106.11310
2303.07806
2305.13903
2001.08361
2309.09530
1706.03825
2204.13340
2212.08698
2303.08914
2307.13924
2303.13703
2304.00464
2211.16016
2310.09285
2211.07157
2308.12714
2302.14416
1606.07419
2010.11445
2212.09713
2303.02936
2304.08114
2208.09847
2304.06024
2108.07154
2310.03725
2209.01540
2203.13922
2106.07889
2212.10773
2305.06716
2303.11589
2201.11114
2305.15586
1609.09475
2306.00693
2201.08663
2308.13236
2303.01869
1911.11423
2303.04673
2211.07198
2111.04746
2212.07422
2101.11351
2209.07522
2307.07205
2206.02721
2309.13042
2002.00585
2302.09923
2202.09153
2303.00885
2306.05544
2204.01691
2007.10247
2212.07648
2203.05797
2310.05026
2304.03435
2305.03414
2303.13223
2205.09048
2308.04912
2303.03808
1911.10538
2308.10603
2301.01283
2305.14979
2106.06823
2308.09242
2211.00255
2310.10047
2307.08197
2301.04655
2306.12760
2203.17219
2211.06368
2310.04689
2304.04168
2103.13262
2303.09375
2212.05051
1802.08129
1708.06734
2301.00794
2309.03473
2112.09245
2305.00121
2303.15932
2110.03187
2304.08993
2308.10554
2310.00746
2309.03883
2304.11093
2211.11004
1904.08375
2309.06126
2305.04091
2109.12302
2305.09062
2308.08810
2103.13990
2303.11502
2101.10488
2309.16351
2303.14435
2205.11916
2303.13396
2211.12886
2302.02615
2009.00236
2307.08674
2309.00610
1902.06871
2308.13783
2302.14045
2307.11335
1909.12977
2305.17560
2308.06879
2307.10854
2305.18259
2306.11248
2301.05499
2307.12226
2304.07854
2305.09761
2102.08860
2304.04514
2107.03006
2211.16927
2308.13989
2305.09515
2306.07272
2301.02311
2011.03023
2308.12288
2304.12666
2211.15064
2307.12418
2211.06885
2307.01952
2211.11542
2209.05072
2307.07250
1904.01766
2004.11362
2201.11176
2306.10012
2212.09196
2308.10741
2303.02760
2303.11917
2212.05262
2303.02489
2308.03282
2106.09516
2305.18247
2303.09165
2208.09418
2307.15353
2304.10970
2211.01778
2307.11526
2306.0797
2308.13324
2105.13650
2107.05720
1903.11412
1811.00945
2212.04636
2307.03601
2102.12060
2305.07558
2303.02001
1802.09787
1705.08631
2307.10554
2307.13254
2303.09043
2306.03082
2304.02626
2303.08319
2003.14323
2308.09717
2302.12986
2307.07218
2203.05115
2010.15382
2305.10455
2303.12247
2112.04137
2309.16372
2305.10874
2310.08491
2004.13649
2204.12749
2310.10537
2308.1082
2303.00462
2310.08541
2307.08027
2305.20019
2004.13313
2209.03320
2307.06082
2305.11487
2307.00522
2203.11370
2307.05695
2305.13246
2203.14221
2106.09667
2303.14478
2308.02223
2112.08619
2303.05724
2303.08983
2308.03279
2301.10972
2305.03051
2008.10292
2303.04803
2212.00638
2308.02874
2204.02030
1610.06940
2303.03630
2111.07058
2009.06732
2304.12519
2103.15982
2305.15523
2303.02153
1903.03671
2303.06869
2211.06220
2310.08820
2309.0142
2204.02549
2303.18190
2309.16235
2204.10641
2106.05656
2308.14353
2308.03448
2309.17453
2303.07929
2303.11570
2210.00720
2305.17011
2304.04824
2303.13110
2305.04160
2309.06794
1704.08792
2306.09224
2308.04990
2304.01933
2308.05095
2208.00928
2301.07525
2006.09882
2305.02597
2305.04241
0909.0910
2303.11301
2205.13803
2212.01762
2305.14564
2306.07437
2106.07139
2303.11717
2308.03291
2307.15052
2110.08387
2212.01424
2303.12012
2204.02329
2206.08009
2307.10558
2106.11097
2305.12218
2305.14839
2208.10497
2309.01692
2308.07009
2005.07362
2204.11716
2305.06404
2307.12450
2006.09526
2203.12119
2307.04008
2308.03421
2306.17843
2211.08609
2308.13229
2110.04495
2210.00968
2109.06379
2308.09975
2302.14746
2309.13638
2310.09213
2112.07076
2308.03286
2303.08685
1909.11646
2304.00792
2212.10060
1805.12233
2305.09137
2307.14611
2303.1673
2211.13287
1704.02729
2309.08172
2110.12894
2304.03483
2303.08475
2308.04079
2305.16311
2308.11513
1905.01235
2303.06615
2202.05352
2303.02416
2208.08845
2303.10876
2202.08335
2303.05715
2307.00184
2208.10816
2110.10661
2309.00844
2308.09687
2303.08717
2309.03900
2306.17492
1912.12814
2308.09922
2105.14103
2306.09109
2307.09356
2211.07091
2303.11630
2308.10397
2307.01003
1904.13132
2110.03183
2308.01499
2308.12050
2303.17778
2304.06668
2205.09575
1808.03833
2211.08213
2307.01229
2204.07341
2303.13744
2010.13154
2208.09846
2307.04767
2011.11760
2310.00426
2309.00359
2211.11559
2211.07591
2212.00786
2308.12350
2305.11169
2304.06035
2106.01793
2306.09910
2308.12064
2205.15531
2108.01832
2303.15446
2003.07568
2006.12719
2308.12898
2306.00107
2303.08481
2108.06084
2303.06937
2307.07047
2210.05234
2305.07440
2103.09548
2009.03300
2202.04772
2309.16583
2307.07483
2305.09758
2302.09227
2306.14846
1908.08530
2309.0681
2012.11635
2305.15334
2304.08637
2303.10482
2212.09067
2307.15043
2308.10729
2307.00818
2105.04387
2308.0514
2304.00719
2106.04990
2203.12198
2309.08632
2302.04761
2306.03514
2309.14592
2206.15462
2305.10403
2106.15776
2211.09809
2309.07314
2210.08933
1911.02896
2111.12710
2310.01208
2305.18654
2309.17080
2009.00165
2112.1051
2204.12768
2307.11078
2304.08971
2206.04615
2306.07476
2308.08822
2304.03372
2308.14074
2303.15416
2211.12624
2106.02695
2212.07900
2303.08888
2306.05399
2308.06735
2308.13149
2301.01218
2302.04166
2309.08156
2305.16653
2308.16160
2306.03314
2306.11565
2211.1287
2105.14669
2209.00647
2303.13791
2307.03659
2310.08560
2308.05932
2211.12446
2309.05196
2205.10803
2307.09781
2212.00653
2211.04236
2201.02756
2210.09887
1906.09453
2306.01242
2303.12326
2303.03480
2211.12588
1602.06420
2305.07625
2304.01289
2309.0212
2302.00902
2303.05072
2202.13047
2212.14169
2309.04747
2103.15606
1811.09795
2309.07900
2206.02409
2306.03428
2208.02294
2310.01352
2212.09898
2306.04507
2111.03017
2306.08543
2308.00728
1511.06335
2308.0209
1808.10583
2306.09996
2302.12242
2306.16016
1807.08998
2308.08998
2308.09534
2210.02303
2212.04483
2006.16779
2308.13168
2307.03322
2308.16154
2307.16867
2211.14304
2310.07204
2310.10625
2303.03472
2212.04976
2103.10380
2310.08755
2303.09061
2304.01893
2309.02420
2306.16928
2306.11913
2305.07797
2203.08372
2307.00438
2211.16253
2308.01194
2212.12395
2211.12340
2308.03028
2308.14383
2303.10883
2106.11086
2301.04926
2303.11638
2306.08133
2108.02982
2308.02162
2310.03981
2204.07190
2309.02527
2305.15798
2308.03867
2303.14080
2310.07704
2308.02533
2303.10854
2211.13676
2006.11477
2306.14525
1704.05588
2106.12124
2304.09670
1805.08969
2309.01740
2309.03729
2307.1471
2308.09297
1903.04227
2206.06640
2107.0325
2303.06840
2304.02859
2203.07404
2304.04205
1811.10996
2308.15022
2212.09741
2309.05573
2308.08157
2307.12533
1805.00833
1806.07421
2307.11077
2209.07858
2308.1235
2202.03052
2304.05376
2308.10570
2202.06633
2309.03406
2310.08904
2308.08463
2307.07164
2106.11299
2211.07273
2002.12591
2205.14540
1901.09005
2308.1011
2305.17333
2309.11497
2304.11063
2304.05165
2211.16677
2302.14401
2107.13586
2012.04584
2302.00111
2308.14575
2303.09758
2307.09112
2303.11730
2308.10122
2303.14373
2205.07352
2303.00157
2305.07961
2308.01734
1605.04253
2203.07735
2011.13377
2303.11963
2305.10855
2104.08771
2111.11153
2307.09323
2307.03135
2308.01379
2104.09068
2108.01513
2303.01999
2308.08114
2305.08810
2104.06083
1905.01969
2307.16687
2310.08715
2308.06776
2210.00828
2306.12929
2110.14168
2110.05929
2204.03162
2305.14167
2301.04871
1903.02330
2301.06782
2302.05496
2212.07409
2309.03905
2306.03504
2305.06355
1909.11740
1309.6392
2306.03802
2307.1401
2308.06954
2303.04077
2306.04050
2307.08506
1910.04760
2307.05473
2302.11713
1906.02792
2308.04622
2304.02639
1810.05749
2307.06940
2304.14456
2308.14960
2209.07511
2306.09316
2310.07347
2301.07255
2308.12370
2308.05410
1904.07425
2108.06027
2206.08356
1701.06049
2309.02654
1810.03043
2308.07648
2210.14145
2212.06969
2308.16118
2303.13132
2301.01296
2305.19835
2301.01949
2305.06131
2210.12460
2304.05015
2306.03092
2306.17805
2112.01518
2109.04096
2211.11682
2106.06210
2204.02235
2309.06703
2306.14892
2301.05187
2306.00989
2203.06566
2211.05105
2308.07209
2301.10896
2304.13265
2212.08073
2110.12612
2210.06096
1604.01360
2112.04016
2305.08808
2302.02908
2303.17152
2012.07280
2308.0304
2307.04964
2304.06364
2006.09136
2309.02390
2309.01083
2211.10157
2206.10885
2308.11116
2308.01313
2309.02423
2309.15426
2307.08775
2007.00808
2307.04603
2103.03568
2110.08118
2206.12403
2306.16793
2310.03878
2301.01820
2306.02254
2010.07999
2106.08254
2111.14592
2206.09900
2104.07186
2203.13310
2308.08833
2310.09139
2309.03199
2112.06592
2310.07521
2309.01961
2211.09110
2204.03649
2303.09950
2205.01543
2305.20091
2303.01788
2310.02601
2210.04643
2308.09383
2009.07531
2205.11822
2303.06833
2307.14061
2304.10453
2210.01296
2303.05892
2309.12938
2301.00234
2012.15416
2306.16388
2201.0983
2308.12366
2106.13629
2310.08956
2305.07021
2209.14610
2105.03599
2303.11126
2306.05179
1902.00927
2303.09554
2307.06942
2308.16083
2302.11211
2308.0499
2211.14293
2305.16103
2303.10438
2204.07372
2309.02401
2306.07196
2308.04008
2308.10279
2307.05300
1710.05381
2309.04766
2308.09804
2305.14236
2307.16125
2307.13101
2307.15860
1812.10924
2305.15188
2309.05793
2308.07893
2103.16002
2306.11167
2304.13207
2308.12960
1703.06870
2012.09838
2301.13688
2106.12720
2303.09756
2211.00453
2304.01529
2307.12616
2209.01975
2303.08348
2303.04439
2308.13137
2211.16312
2309.13038
2205.14219
2201.05409
2106.03374
2212.07289
2206.00311
2202.09305
2308.11911
2110.08396
2212.06202
2310.03986
2304.14856
2005.00558
2305.09612
1906.03327
2110.02998
2303.10058
2212.05993
2304.14837
2303.13582
2203.06304
2211.05719
2110.04065
2309.13039
2305.07490
2307.15324
2306.01741
2309.00986
2201.01609
2206.12338
2210.02493
2307.14630
2203.14402
2007.08854
2306.07915
2209.08503
1911.05889
2307.11118
2305.12577
2305.02790
2303.08409
2303.08600
1705.08168
2212.08059
2303.16201
2308.16884
2205.09616
2303.09230
2104.06394
2308.01547
1506.00019
2203.15544
1904.09013
2308.16905
2206.05275
2006.01631
2308.06202
2101.04041
2010.02666
2307.02485
2212.02469
1805.09501
2309.05516
2211.14086
2205.14338
2010.15464
2308.09472
2306.05392
2006.08812
2308.07316
2309.16650
2308.13504
2104.12928
2301.06719
2308.16477
2308.09622
2308.09887
2309.16670
1806.00890
2308.12962
2306.11732
2305.16867
2211.06891
2305.18766
2305.16367
2302.08207
2309.11197
2305.07969
2305.07015
2206.08702
2304.03266
2309.10537
2303.07123
2111.14293
2308.03729
2308.05667
2309.04247
2305.15486
2304.05634
2305.02320
1909.07913
2304.00054
2301.00008
2206.02743
2310.10645
2109.04504
2308.10253
2210.10763
2310.03589
2308.06777
2103.13744
2209.08524
1505.05192
2109.08203
2109.07713
2309.07403
2210.08363
2309.05192
2306.00323
2303.05078
2206.07160
2307.15991
2308.09386
2211.10656
2210.03094
2012.02469
2212.14024
1812.01458
2212.09335
2307.03381
2303.07811
2211.09120
2303.11610
2309.05858
2308.00261
2203.11183
2307.09788
2105.13710
2305.10387
2310.08659
2212.0478
2307.04087
2210.05361
2212.08410
2310.03502
2305.16896
2106.06134
2210.06726
2211.13226
2101.05667
2303.13731
2303.15715
2303.11595
2305.11863
2304.08485
2305.16349
2110.05841
2308.13077
2304.02950
2304.08979
2210.03167
1712.05363
2109.08877
2302.09649
2007.13916
2301.1132
2212.13876
1805.08352
2009.01325
2210.03350
2301.00184
2306.07951
2008.02217
2306.02561
2303.12071
2306.09212
2205.11098
2212.11005
2211.13515
2308.14816
2212.13253
2201.00057
2305.13786
1702.08608
1905.00954
2310.09520
2306.03000
2309.10409
2106.02886
2303.14700
2304.06275
2308.16512
2306.15354
1901.06283
2001.11128
2303.05952
2309.14340
2109.10086
2110.03804
2309.03241
2104.10078
2106.05937
2212.04385
2208.12242
2303.10653
2303.09604
2309.15025
2212.07388
2303.07616
2305.00955
2211.17192
2109.0774
2307.14984
2306.01872
2212.04090
1503.04069
2307.11978
2303.03667
2303.03315
2209.15304
1905.02072
2307.16508
2308.10794
2304.01514
2303.11135
2305.10601
2102.08325
2212.09262
2304.06813
2303.11424
2310.04496
1611.08669
2305.10415
2211.01910
2210.10090
2309.03409
2305.16934
2305.11000
2303.02328
2309.00398
2303.07700
2303.13031
2309.04542
2308.07815
2308.04952
2306.13754
2108.13454
2106.07032
2310.06830
2210.08750
2002.05709
1603.02754
2308.12272
2305.02182
1901.00212
2204.01678
2309.02041
2201.09830
2307.06018
1910.06222
2306.00978
2309.10668
2212.13894
2306.14924
2305.09764
2202.12719
2306.12677
2304.02312
2303.17760
2212.04655
2110.15188
2303.14242
2309.13022
2211.14462
2210.11610
2205.07460
2306.08068
2305.16291
2309.04827
2308.12866
2307.15818
2302.07842
2306.04751
2206.12571
2211.13203
2106.1142
2305.08275
2305.10434
2106.11420
2211.10598
2212.00794
2303.14408
2110.04121
2308.03040
1811.07104
2206.03281
2008.03800
2302.00923
2301.03044
2307.13908
2211.06324
2309.05689
2305.16582
2305.11759
1712.06302
2211.02408
2308.08089
2303.16058
2212.04092
2307.01630
2303.10323
2202.07291
2303.09152
2110.11314
2308.16246
1701.01821
2211.10579
2307.04738
2307.02249
2304.06556
2209.03917
2305.13607
2303.07944
2308.00566
2306.16605
2107.02561
2307.13770
1910.01705
2304.06939
1705.00754
2212.06344
2306.14060
2303.08578
2205.04550
2104.07012
2308.04556
2308.09987
1710.05941
2202.03026
2309.07864
2303.00807
2302.14307
2310.08949
2206.10555
2309.04907
2308.00442
2111.14819
2203.12247
2204.07141
2310.03051
1906.02940
2305.05290
2308.10310
2104.00322
2305.14788
2307.00398
2303.03755
2307.10168
1708.06742
2212.01322
2305.11161
2208.00449
2303.03729
2305.01649
2303.07543
2308.14005
2210.16886
2304.08354
2212.08013
1908.03852
2306.14289
2305.19472
2201.10222
2304.07691
2212.03022
2308.09903
2209.07370
2308.09970
2308.14746
2305.19000
2103.08313
2308.04592
2108.05018
2305.02968
2306.11706
2306.07968
2308.00951
2301.02371
2306.06638
2303.14488
2212.14268
2308.16898
2304.01434
2303.08138
2009.00713
2305.06424
2102.01987
1907.09701
2304.08334
2211.12499
2103.03230
2205.03692
2305.06299
2304.12397
2104.00587
2303.09941
1708.02901
1806.10758
2212.09180
2210.01379
2302.07685
2107.04589
1902.09229
2308.11927
2306.02851
2308.06693
2211.17257
2301.06051
2308.10435
2308.05371
2304.11823
2308.09040
2010.03073
2308.11432
2107.03144
2303.00176
2206.07700
2211.09552
2205.14826
2102.07835
2203.04566
2305.00673
2211.09703
2305.18189
1704.04497
2307.10159
2306.07536
2107.06278
2211.10732
2309.12955
2303.09181
2210.13832
2307.02421
1901.10723
2305.16985
2112.09133
1911.09304
1907.00448
2305.06351
2305.11147
2303.01903
2207.07116
2206.07706
2310.04418
2211.11674
2305.02783
2308.12587
2011.00406
1907.01475
2305.02549
2303.1639
2302.01872
2303.15533
2302.08788
2306.15658
2004.13796
2203.1137
2204.14198
2308.01686
2303.12400
1901.09672
2308.07546
2310.02226
2212.14306
2210.01612
2307.15199
2303.12280
2308.10832
2309.13952
2304.00451
2303.10709
2307.03166
1911.09550
2102.09206
2307.11545
2106.08364
2001.01431
2310.09753
2202.04579
2210.01208
2012.08054
2305.18274
2307.15217
2308.09711
2304.13115
2306.17848
2306.15632
2303.01686
2309.13021
1802.04920
2306.09346
2303.02455
2309.00363
2212.11613
2211.16198
2006.11653
2305.04790
2307.01848
2110.04627
2306.16869
2308.04371
1803.05457
1611.05088
2309.01131
2308.08182
2208.14889
1805.01978
2305.12050
2308.06530
1904.04957
2307.05973
2209.08141
2301.13173
2305.10429
1707.00269
2009.03301
2211.12824
2308.10755
2307.03869
2301.05221
2306.12925
2307.07245
2306.15925
2309.12943
2309.11674
2306.09682
2308.11185
2301.05225
2106.0168
1908.08926
1904.03597
2110.02037
2201.12559
1707.07998
2011.02863
2303.15466
2302.02318
2305.05873
2307.15475
2308.12590
2308.04163
2303.05475
2307.09763
2210.02223
2212.00767
2005.00583
2208.00277
2001.02209
1909.07957
2309.12937
2308.11062
2111.10701
2208.12256
2305.13252
2106.00507
2306.17319
2106.07306
2306.04528
2211.06627
2309.04410
2204.05488
2110.04744
2304.07590
1807.03748
2301.00230
2210.06455
2307.12058
2308.11130
2303.11637
2308.13411
2307.10664
2308.12950
2302.07672
2305.02440
2306.15667
2308.04699
2306.13990
2305.05862
2309.11235
2307.10173
2303.07110
2309.01296
2307.09474
2209.06506
2303.14817
2309.08520
2306.04387
2207.07611
2303.0987
2308.12604
2308.08110
2211.09699
2308.04061
2305.18752
2305.10912
2211.17256
1908.06427
2203.16513
2010.11982
2304.10864
2302.03848
1711.00436
2209.06691
2212.05034
2307.16418
2302.03453
1804.03641
2305.13840
2102.10271
2111.11215
2306.12156
2305.15023
2303.06949
2204.04799
2307.06962
2309.07062
2302.11566
1902.00751
1811.11459
2308.11071
2310.05163
2303.11305
2303.11950
2307.12637
2306.04064
2308.02490
2303.14736
2303.16434
1909.08053
2308.07931
2307.12194
2303.12343
2304.02273
2309.03160
2307.11342
2308.13735
2305.10701
2309.12284
2309.08804
2210.07558
2206.01256
2303.15786
2307.0499
2212.06152
2210.12152
2307.03875
2306.09896
1811.06964
2304.02008
2303.16203
2205.09726
2307.12950
2305.02317
2207.10660
2308.14119
2303.06388
2307.08701
2211.11761
2205.08645
1409.1259
2307.16662
2303.13512
2307.13702
2308.10133
1811.06521
2308.16582
2110.08515
2302.14311
1806.07912
2208.01618
2102.02779
2308.14061
2310.00898
2206.11804
2310.03094
2309.13190
2308.06925
2011.12829
2204.10628
2302.11217
2109.13916
1706.03762
2212.05590
2308.10315
2211.11208
2307.09638
2308.13164
2310.06836
2306.11886
2212.08653
2308.06453
2307.06281
2010.07416
2007.12368
2006.12703
2309.13965
2304.06648
2305.16843
1806.02012
2303.07338
1710.04837
2304.06461
2211.10154
2307.00040
2206.01125
2210.09276
2305.12487
1712.08268
2211.03889
2105.07583
2308.04265
2006.05849
2201.03720
2306.16527
2306.09265
2306.08620
2305.09148
2303.12384
2105.00666
2307.14735
2309.05663
2303.05312
2308.02522
2107.02791
2211.11158
2309.03897
2110.03620
2308.14346
2010.00578
2310.08992
2308.11106
2304.15010
2305.01278
2211.16421
2101.00190
2308.13437
2301.10521
2303.17605
2303.01904
2209.09484
2303.04995
2106.12506
2302.01560
2210.07183
2303.02404
2303.00340
2203.12602
2206.12126
2202.06417
2204.12667
2308.12967
2307.08500
2303.07224
2304.14406
2202.03574
2111.05803
1605.09782
2012.02189
2310.08984
2205.10063
2206.04105
2305.11938
2310.10638
2012.08383
1901.00137
2302.00988
2307.13537
2208.06049
2303.06367
2304.10592
2308.10441
2307.09756
2305.18212
2307.12427
2209.02341
2211.12542
2003.10865
2211.06869
1807.03367
2307.08581
2308.04352
2306.15447
2303.14869
2201.12594
2309.17421
2303.18139
2206.11896
2010.10596
2306.01293
2310.03714
2304.06720
2212.06593
2307.13226
2303.06859
2304.09097
2304.03693
2310.08745
2308.10308
2309.01265
2304.03843
2211.14646
2303.12528
2305.14627
2307.03576
2305.18098
2306.04031
2303.03770
2203.14940
2209.15605
2303.11642
2303.15180
2301.01751
2310.08897
2304.12152
2303.17583
2205.04596
2306.17842
2209.09746
2202.11960
2306.09296
2301.03992
2103.01954
2302.14772
2212.05400
2308.0811
2305.14596
2308.01552
2309.08587
2310.04780
2303.01605
1802.00121
2303.09119
2306.08129
2306.00983
1905.00780
2304.10819
2106.12620
2106.00920
2206.01520
2205.06175
2106.07345
2004.02866
2202.01110
1802.04443
2212.14710
2303.00575
2307.02499
2306.05783
2305.13888
2307.05222
2301.02401
2212.04493
2002.07971
2305.08596
2308.02299
2303.10959
2304.10482
2011.11261
2304.01192
2306.01754
2303.01573
2212.01789
2310.01783
2207.08455
2107.13132
1803.11203
2211.13202
2307.08249
2211.15774
2309.07122
2308.14221
2211.0912
2303.10209
2304.00221
2205.05019
2303.13800
2107.07436
2305.08848
2105.02201
2309.12971
2301.08243
2308.07918
2305.20010
2206.02369
2006.15498
2212.04780
2202.13556
2308.00113
2303.15065
2303.13290
2307.09829
2106.1257
2205.14401
2307.04751
2212.01120
2310.09289
2303.13659
2211.12250
2212.14310
2303.08225
2307.08702
2306.10231
2309.07125
2307.02321
1709.00322
2305.10763
2107.13433
2309.02102
2203.09693
2212.10325
2301.09091
2305.12452
2212.08045
2211.12739
2211.12782
2106.09614
2307.14187
2306.08247
2303.10896
1804.07855
2112.04478
2203.17274
2308.16460
2109.13995
1811.07993
2201.05337
2211.09791
1710.09829
2110.05999
2309.08168
2305.00514
2305.11308
2306.11987
2309.07911
2308.11277
2102.08501
1901.05945
1911.03912
2309.00035
2305.09253
2211.01786
2306.11335
2107.10060
1912.02323
2212.04965
2305.10853
2309.06660
2202.06687
2308.15844
2308.07286
2210.05174
2307.15504
2204.13662
2307.16715
2306.05685
2307.08504
2307.10802
2306.16927
2307.04686
2304.06544
2205.09613
2308.04826
2306.05178
1902.08142
2203.08243
2303.11366
2303.17441
2307.10169
2309.17400
2306.08161
2303.11678
2303.00404
2308.13270
2308.05396
2310.08528
2309.08958
2208.05318
2205.01068
2308.10814
2305.15080
2310.08185
2212.11565
1712.03342
2303.09752
2301.05880
2306.15724
2212.03191
2309.06657
2308.13369
2207.05608
2105.09821
2306.01926
2309.11500
2202.09571
1412.0035
2106.10689
2308.15962
2310.00754
2202.01374
2305.16504
2305.04268
2208.08780
2304.10520
2309.03899
2212.09478
2306.13421
2002.07916
2308.07863
2305.11588
2307.12972
2201.08239
2212.09412
2303.01598
1905.10854
2104.08691
2306.08893
2303.07938
2303.17491
2303.08128
2305.05364
2109.11301
2308.05960
2309.04662
2301.09121
2005.00181
2211.11733
2205.14986
2112.15034
2110.04869
2304.14106
2201.12096
2308.04014
2302.06733
2309.01429
2301.01217
2008.09093
2212.10720
2310.03331
2303.06819
2307.07887
2306.08954
2206.02777
2309.13035
2104.05557
2211.10772
2211.09800
2303.10774
2109.03426
2205.07882
2304.01663
2306.07941
2305.07677
2309.01624
2006.12971
2203.05550
2212.01340
2309.08588
2307.01928
2308.14752
2304.12998
2303.11057
1509.06825
2306.05637
2305.09863
2106.00827
2309.02120
2303.11828
2308.08428
1901.03729
2211.14512
2303.07418
1912.00497
2304.13007
2112.10982
1907.13625
2112.04426
2302.03686
2305.04075
2307.07859
2308.09391
2309.08968
2308.08227
2109.01134
1801.07892
2112.08726
2307.11411
2305.16960
2303.04958
2309.10091
2211.11505
1807.08024
2309.15564
2305.02541
2210.03629
2305.10973
2301.09632
1810.04805
2303.11165
2212.12249
2308.11331
1710.04806
2308.15560
1912.07116
2210.12461
2206.06336
2304.04420
2309.10312
2011.13046
2305.02463
2210.04154
2304.03283
2307.08621
2303.10720
2210.06849
2308.10445
2306.12509
2305.04789
2304.01662
2112.15283
2302.13971
2006.04466
2303.11180
2003.11539
2205.08464
2210.01504
2307.16368
2104.14294
2306.06000
2309.0666
2105.06597
2309.04992
2303.06571
2308.12964
2304.01669
2301.07836
2308.01483
2308.10897
2305.14497
2309.05519
2305.10266
2309.09294
2304.11107
2307.09288
2307.11823
2204.06154
2305.11176
2303.09014
2303.00973
2306.17115
2110.15545
2301.05211
2310.01596
2308.12539
2303.11419
2305.18425
2309.10150
2202.10156
2011.03623
2301.01380
2303.14584
2304.00690
2211.11082
2212.10066
2308.0916
2302.14051
2204.02624
2307.1462
1811.08338
2309.04172
2308.02669
2304.02321
2308.07313
2307.02484
2111.12417
2308.1496
2303.11203
2212.02774
2202.03382
2110.03544
2303.14717
2108.00955
2107.01943
2303.08331
2212.06331
1802.01528
2307.14336
2004.11759
2306.14435
2211.11448
2306.07174
2212.00792
2307.12027
2309.13308
2112.00874
2303.05171
2212.12977
2104.00323
2003.01964
2307.06304
2308.07575
2303.17712
2307.01701
2307.13383
2307.11418
2001.05887
2307.04725
2003.13198
2308.14023
2308.14152
2301.11320
2302.09270
2307.02768
2308.11111
2303.15390
2212.03434
2309.07124
2211.11277
2303.06146
2003.10903
2204.02311
2305.11837
2307.03406
2303.11302
2306.10785
2307.03692
2308.1251
2307.04246
2006.07739
2205.03401
2306.05420
2308.10204
2308.11322
2212.12324
2212.00460
2309.14341
2205.13943
2010.11929
2306.04757
2305.14233
2308.07891
2004.12832
2303.05195
2303.16447
2310.00741
2306.07510
2306.05949
2211.16940
2301.06627
2310.09199
2304.01247
2211.16431
2305.11488
2210.10615
2305.14239
2212.06826
2112.11446
1711.06379
2103.15679
2303.17905
2306.05284
2307.06949
2301.01893
2211.16158
2308.13245
2303.04616
2303.08010
2306.03100
2305.17388
2309.03926
2202.03609
2305.16635
2301.04011
2306.03346
2212.01448
2308.09592
2301.02998
2112.07660
2308.11894
2210.09551
2211.03989
2308.10141
2308.1199
2307.11404
2212.04994
2007.06929
2212.05946
2203.10421
2308.11928
1904.04092
2307.03170
2212.10535
2107.07651
2211.08332
2308.11261
2210.11416
2303.02203
2304.11312
2305.03268
2301.13379
2107.05876
2211.12562
2008.02531
2104.12465
2308.04995
2203.05843
2304.09691
2303.10353
2304.03869
2205.13636
2308.10515
2307.10782
2306.07906
2308.01477
2205.00176
2011.12100
2010.00843
2109.07740
2006.10598
1709.06030
2012.00451
2304.11751
2303.08686
2106.15846
2308.11793
1606.06565
2108.01843
2106.03027
2205.14727
2010.04595
2305.17216
2212.02175
2308.10285
1412.6856
2308.11568
2309.08628
2301.09231
2106.07447
2012.15375
2303.09556
2305.02156
2301.08390
2304.02330
2308.07092
2310.08815
2310.08529
1806.08482
2104.03507
2306.03460
2307.06945
2211.10156
2303.01959
2310.01510
2308.05318
1908.01755
1903.03166
2304.05640
2303.03202
2202.02464
2304.04858
2012.04225
2308.07391
2303.07284
2308.06595
2203.05573
2206.15083
2212.10496
2308.01904
2203.17234
2308.09305
2201.13178
2307.13929
2303.08268
2106.03844
2304.11267
2303.11674
2308.03526
2303.08536
2304.01172
2110.12654
2210.03057
2309.16668
2305.18507
2007.02442
2306.11719
2307.05462
2309.13006
2308.04197
1710.08969
2008.07267
2003.04887
2304.08028
2205.01694
1502.03044
2110.06257
2308.09314
2303.17580
2303.06865
2308.08715
2211.15657
2301.00746
2206.07255
2303.11616
2203.0357
2203.02201
2306.13631
2104.09791
2308.00356
2212.04531
2211.14173
2303.02437
2308.10172
2307.08996
2212.06909
2308.09245
2309.14327
2306.02080
2207.04429
2305.18365
2306.00148
1904.07475
2302.14290
2103.15429
2211.11936
2104.06967
2302.14332
2010.10333
2204.07433
2306.17806
1906.03402
2304.02251
1411.5018
2211.07636
1901.00596
2308.15126
2306.10209
2305.10400
2211.13227
2308.08885
2308.10205
2212.09597
1909.05855
2212.04054
1503.08677
2306.07349
2308.03685
2306.17194
2205.14971
2110.11929
2307.05959
2309.03130
1907.01131
2303.11681
2108.09346
2305.07922
2106.09711
2009.01555
2304.02633
2204.08261
2303.05886
2011.09533
2303.12791
2302.07224
2309.00615
2306.13078
2301.08556
2304.00967
2202.02912
2307.1191
2103.03404
2306.08637
2304.00058
1805.03356
2309.08210
2210.04150
1903.11780
2303.09051
2210.16776
1607.08085
2301.11476
2305.17066
2304.01042
2003.11038
2308.16185
2203.12054
1905.09272
2304.0069
2208.00690
2206.01720
2308.07395
2110.08207
2310.04564
2303.05047
2301.01100
2303.15951
1707.00600
2305.09664
2307.12493
2105.05233
2002.08742
2303.17968
2308.09830
2210.16046
2303.17651
2305.15719
2212.10071
2210.03628
2307.01759
2307.11410
2212.13545
2212.05231
2106.08942
1904.05862
2303.05762
2308.10276
2305.17940
2301.01795
2306.05836
2211.1402
1805.07473
1711.09082
2309.03895
2209.14988
2306.17107
2306.00450
2210.07839
2202.09778
2303.08131
2304.09453
2306.14161
2305.09641
2309.04422
2205.14557
1806.05024
2308.07498
2212.08120
2305.18373
2107.09028
2105.1408
2304.07060
2006.08218
2210.10760
2212.00776
2310.07064
2112.02418
2307.15063
2305.02555
2308.09971
2306.09349
1905.09263
2305.06886
2307.15189
2306.03509
2303.00905
2306.01923
2303.15441
2209.09050
2306.13575
2204.03084
2008.13426
2303.07726
2307.04349
2301.02184
2309.13005
2012.02748
2307.14726
1806.03589
2211.11335
2211.15462
2006.05582
2210.06965
2301.00303
2304.13651
2210.03112
2307.07944
2308.12372
2305.03453
2304.04175
2309.07471
2305.07027
2205.04437
2306.02531
2308.04946
2305.07243
1812.01784
2304.09423
2306.09329
2308.11796
2308.06531
2310.00367
2308.06635
2310.02239
2308.14083
2305.15710
2207.13532
2308.01948
1705.05598
2306.14941
2307.11353
1708.05344
2308.03793
2305.07004
2208.00173
2111.12476
2307.12577
2306.00968
2212.12669
2307.14334
2111.07832
2303.01239
2102.12781
2211.1238
2206.00820
2307.15016
2309.14509
1906.05849
2309.05281
2205.09911
2304.1267
2102.10492
1702.07826
2305.02412
2309.07250
2308.10155
2305.11012
2210.14457
2308.15226
2305.10142
1711.03219
2210.00647
2002.08822
2304.03103
2307.12976
2303.14747
1910.04256
2304.01196
2105.06041
2303.08594
2309.13007
2308.03594
2307.00716
2206.0404
2306.17154
2305.15372
2211.13223
1806.06927
2303.02595
2307.08483
2211.12254
2308.1237
2103.00742
2112.09332
2302.01171
2306.01693
2104.12369
2303.03052
2307.07754
2305.10764
2304.06537
2205.05076
2303.07337
2304.13861
2304.14867
2004.11045
2309.12996
2301.07302
2206.00790
2306.11593
2305.06500
1404.1100
2308.08011
2303.09914
2309.04581
2308.05359
2303.16894
2302.08923
2309.10202
1312.6034
2310.05797
2310.03214
2303.14666
2301.00023
2308.10005
2108.07258
2308.04623
2210.03884
2109.00527
2111.01353
2205.05543
2305.12620
2205.14900
2308.04383
2103.06695
2308.12219
2304.11705
2308.06548
2307.14786
2109.11797
2306.04845
2303.11722
2211.12352
2309.15427
2303.06583
2204.12511
2209.12711
2309.02301
2308.14978
2303.10971
2306.12059
2310.08854
2306.16601
2211.12131
2309.12991
2306.16207
2305.03713
2308.05734
2302.07848
2308.16894
2303.11381
2302.1434
2306.04634
2308.16458
2303.00747
2110.06482
2211.15533
2212.04420
2212.03814
2203.08509
2005.11129
2212.03640
1904.07659
2303.13899
2004.13637
2308.10149
2309.11499
1908.08718
2306.07279
1909.03087
2304.00046
2203.07593
2006.03535
1704.05310
1602.04938
2212.09530
2305.03052
2304.04742
2308.11971
2309.15505
2206.0082
2305.03668
2208.12262
2104.08661
2211.09778
2307.10373
2305.10727
2208.10273
2303.11552
2305.02750
1809.01696
2010.05057
2212.10938
2305.16817
2308.05374
2211.11296
2303.10895
2310.08579
2105.04779
2307.15333
2308.07650
1512.03385
2211.10593
2211.15393
2307.12574
2309.04658
2309.07974
2210.09261
2211.10435
2203.06430
2303.14311
2007.10730
2307.01849
2301.01928
2308.01390
2011.07949
2303.13511
2210.05335
2205.10692
2306.07552
2308.03047
1905.04970
2104.07858
2011.04267
2305.13864
2303.08658
2305.01625
2301.03580
2305.11206
2211.15662
2308.12202
2306.04632
2212.00338
2206.08155
2305.03111
2308.08855
2307.03486
2309.00071
2305.05065
2210.05359
2309.01523
2301.08247
2205.12255
2308.09936
2308.07411
1706.07979
2210.03087
2110.08188
2212.01602
2304.06287
2203.15793
2310.07889
2303.01765
2306.08640
2210.12485
2211.14506
2106.04823
2307.15049
2305.06218
1811.07871
2207.01206
2308.05221
1803.03049
2303.00521
1701.02547
2309.03811
2111.09876
2207.05808
2303.15764
2309.02561
2111.15521
2308.11236
2301.11270
2309.12960
2303.08231
2302.00070
2208.00553
2306.09327
2304.10263
2110.02782
2207.06405
2307.13720
2211.15029
1807.11720
2203.04559
1603.08511
2307.09023
1909.09116
2205.15367
2109.03856
2305.10688
2305.13579
2308.01045
2306.11046
2204.04788
2305.07185
1904.00045
2212.07242
2108.09875
2212.14593
2303.11066
2303.13501
2302.03011
2206.07682
2210.05944
2305.02034
1808.09115
2308.09564
2305.14710
2307.06464
2305.10172
2212.10156
2302.01047
2105.05563
2212.02499
2210.04185
2210.01946
2112.15121
2305.05252
2207.11209
2301.12900
2308.11607
2308.11974
2207.01203
2211.09066
2109.09519
2307.07938
2306.00008
2302.08509
2309.05148
1710.10467
2308.11073
2305.16381
1904.08060
2302.14325
2302.05206
2103.00020
2303.1447
2309.09400
2309.15103
2007.04785
1805.01109
2308.09247
2212.08067
2307.16525
2303.17732
2307.16180
2305.10626
1906.00910
1909.00968
2308.08140
2206.01204
1904.07633
2011.09526
2208.07652
2210.03142
2308.11489
1712.06651
2303.07839
2303.05071
2302.01318
2309.04041
2101.00529
2204.02964
2303.06919
2004.15021
2309.01826
2304.06385
2212.10001
2305.14322
2306.13649
2306.09348
2305.13009
2305.06474
2210.09997
2309.06895
1911.04700
2110.0386
2006.10141
1910.05453
2309.00267
2212.07143
2307.06290
2304.07297
2212.06200
2307.08388
2306.17840
2301.02379
2306.01987
2306.08641
2211.12268
2305.09990
2210.15418
2308.04729
2106.01680
2201.05718
2212.14532
2211.07600
1910.14537
2111.05297
2304.10179
2301.04944
2307.12774
1808.00928
2309.04269
2309.02965
2303.12027
2309.11419
2308.06774
2308.14089
2110.0362
2306.04898
2306.08205
2301.01953
2310.05694
2303.13069
2308.11015
2309.16039
2309.12499
2306.07946
2003.07833
2211.11167
2210.08344
2304.08451
2304.00341
1909.10470
2206.11309
2307.16686
2201.12329
1912.03330
2307.08779
2308.00352
2305.16334
2302.14434
2310.00867
2305.18583
1810.08771
2304.05887
2106.00882
2308.10574
2201.05242
2306.09299
1804.07723
2302.02676
2008.04872
2304.06244
2210.17432
2308.05391
2310.09092
2303.16727
1702.04595
2210.08457
2212.03229
2306.07881
2305.10005
1909.05858
1411.4555
2309.11009
2303.14304
2106.01216
2308.07032
1412.3555
2308.04477
2308.11462
2308.13505
2211.10878
2106.09805
2212.07525
1907.05570
2106.05566
2307.12966
2309.02591
2212.04825
2307.10235
2305.15115
2301.01970
2308.07687
2208.10442
2302.12246
2308.10658
2212.11719
2206.06614
1801.09392
2106.06927
2308.11917
2308.14713
2306.05425
2308.09318
2211.16056
2304.13712
2308.1017
2210.04242
2107.03374
2309.15091
2309.01093
2304.06712
2308.03427
2105.08261
2303.17189
2301.02700
2306.11644
2307.12612
2308.15930
2203.16691
2306.10543
1708.01246
2305.03027
2212.11685
2307.11636
2306.04362
2305.04536
2307.13529
2303.11325
2303.06880
2305.11080
2302.00618
2303.10571
1806.10574
2006.10511
2310.09118
2304.14233
2310.03884
2308.13853
2203.03619
2303.13283
2307.07653
2307.07511
2307.03917
2203.10378
2309.13504
2307.10603
2305.17098
2308.12058
2306.10763
2307.09267
2108.03702
2308.11778
2304.02135
2308.09294
2303.09674
2308.10305
2303.11327
1906.04466
2306.09266
2303.04249
2305.07447
2303.14536
2308.11606
1910.12638
2305.14325
2112.08654
2303.05760
1904.09117
2308.12216
2305.03043
2211.13955
2307.14117
2305.10449
2203.15556
2305.15193
2201.06857
2309.00933
2306.11536
1710.11063
2303.17147
1905.09010
2207.07885
2309.00827
2211.08007
2205.12952
2303.12786
2205.09113
2309.13013
2304.09121
2303.05095
2308.04206
2308.06712
2303.10904
2310.07343
2304.02001
2205.08232
2307.14352
2211.14305
2308.06689
2308.08724
2306.06212
2310.05029
2303.09650
2210.07574
2310.08884
2308.07934
2303.05983
2005.01400
2307.04106
2010.06467
2303.15247
2308.03290
2210.05557
2305.13220
2302.01838
2309.13256
2305.19118
2306.06546
2310.03940
2310.09125
2304.13835
2109.09948
2308.05737
2306.14544
2303.14027
2101.02338
2305.18474
2302.13562
2302.05543
2306.13394
2212.09146
2305.03053
2306.09345
2101.12059
2212.14359
2306.17582
2305.00607
2011.06037
2304.05889
2306.09683
2202.13587
2303.17395
2309.04842
2307.14051
2203.0963
2309.13075
2307.03109
2304.02163
2307.11768
2303.17093
2204.05859
2310.04363
2309.07914
2309.12311
2305.10722
2307.01163
2303.16199
2301.12726
2308.04808
2308.10278
1011.5270
2305.07759
2304.03167
2307.14277
1901.00536
2303.17806
2112.06905
2303.06199
2309.05251
2305.07017
1708.01641
2301.02508
2308.10447
2204.00598
2307.09458
2304.13169
2308.01320
2306.08731
2301.06267
2306.15195
2009.12756
2303.12670
2305.16958
1908.01224
2208.09243
2306.08045
2305.10018
1906.10670
2308.09351
2306.09082
2308.03202
2309.07038
2110.04350
2304.05173
2112.05120
2303.07601
2202.04235
2306.13651
2303.03369
2306.01160
2212.02031
2305.14934
2304.08463
2308.00376
2110.09276
2308.09519
1812.09903
2307.04507
2305.14688
2305.13077
2305.04388
2304.12244
2310.09236
2305.11675
2309.14580
2012.08377
2306.10533
2305.19066
1805.04096
1910.09430
2212.09072
2302.06586
2008.01064
2205.01941
2309.10917
2302.14680
2006.05576
2303.15484
2305.18264
2212.04247
2005.10283
2303.07096
2308.05732
2309.09506
2308.03374
2306.00986
2211.11742
2202.04053
2308.10481
2307.10984
2307.02792
1910.08485
2303.07634
2110.05789
2306.03413
2211.14876
2306.05493
2310.07820
2210.06284
2305.17118
2308.00692
2305.11834
2308.08258
2004.12297
1904.08939
2205.12551
2301.12643
1905.09217
2308.11063
2306.12085
1909.10447
2307.15700
2309.03907
2212.00937
2203.06604
2309.16058
2307.12168
1810.11875
2212.09462
2302.08242
2308.07228
2305.15717
2308.02897
2308.09346
1904.02868
2111.12982
1804.01552
2112.00861
2308.12351
2306.05411
2308.07120
2304.07090
1906.06832
2108.08398
2205.11423
2306.07967
2303.12246
2306.03203
2303.15444
2204.10536
2109.03839
2308.03163
2304.09355
2308.03906
2212.08051
2209.11302
2211.09919
2012.09841
1804.03160
2203.03382
2308.06904
2303.11403
2206.0664
2308.0477
2308.10379
2308.13494
2303.01979
2104.10157
2310.08986
2304.04494
2301.12959
2304.02556
2012.02190
2105.15183
2307.10088
2307.08041
2308.12213
2307.15644
2306.07290
2212.03220
2303.13190
2308.16909
1703.09137
2210.01244
2309.02427
2210.03821
2302.13996
2305.00970
2303.16976
2110.07367
1611.06646
2305.17997
2210.03052
2310.08805
2308.10490
2302.14589
2106.00791
2308.12191
2301.04467
2301.07668
2308.08370
2211.12194
2308.06721
2205.14230
2305.18756
2309.06380
2111.15340
2009.05757
2307.11477
1910.03656
2310.01361
2302.03900
2212.07626
2306.00937
2206.05399
2302.01316
2305.16213
1910.10683
2308.13862
1511.06422
2104.00990
2010.07492
2304.05919
2308.11206
2308.09160
2212.10170
2306.13455
2310.05873
2306.03872
2009.07258
2202.03629
2111.14820
2302.06476
2305.18279
2303.09706
2309.05463
2303.16390
2212.07593
2303.00855
2308.0653
2212.09748
2303.16186
2006.11325
2212.03741
2308.14480
2205.02767
2306.09479
2307.05741
2205.14100
2305.15771
2304.09848
2301.08846
2308.09568
2305.06077
2307.10350
2307.14039
2305.03695
2206.04040
2305.18729
2211.13969
2305.15021
2304.14144
2305.11171
2303.15904
2303.17548
2308.08414
2308.04782
2305.06594
2307.14335
2306.01337
2207.10023
2304.01686
1506.02753
2212.14504
2204.12834
2307.09668
2309.10400
2305.03049
2310.09276
2308.14153
2309.11568
2202.05144
2112.08459
2211.12501
2211.06892
2103.01931
2310.03710
2304.08491
2211.15107
2307.11865
1510.00726
2305.13782
2305.10790
2210.13435
2211.16504
2307.05628
2307.1273
2212.06135
2307.11514
2304.02370
2305.14343
2306.07346
2305.05920
2306.01684
2305.03302
2103.10360
2206.04664
2310.01425
2111.10659
1709.10163
1905.07628
2305.03047
2109.02429
2309.01155
2305.18292
2204.08227
2305.10854
2304.10066
2308.10898
2304.11968
2108.09084
2308.01263
2209.11755
2305.08851
2303.08120
2304.00212
1903.00502
2205.10655
2306.04235
2308.07795
2309.07990
2208.10791
2212.06493
2304.01195
2211.15518
2206.02336
2307.11035
2306.04849
2303.05156
2305.11598
2307.12854
2307.13974
2305.14381
2008.06893
1709.05522
2303.01669
2305.20086
2105.04906
2306.15794
2308.13416
2306.04181
2308.08857
2012.02525
2005.11742
2308.08316
2005.07727
2310.09275
2308.04126
2307.15771
2308.05438
2306.02245
2308.11880
2306.12672
2309.06497
2301.01805
2309.01151
2307.06925
2307.08168
2303.15754
2304.14845
2305.20082
2306.08568
2111.09733
2309.11170
2210.09996
2303.07662
2307.1206
2301.06052
2308.06103
2211.11738
2303.09757
2303.13022
2307.12698
1704.00200
2307.13721
2308.11744
2305.06799
1311.2524
2103.14770
1805.07445
2303.14964
1801.09103
2003.06713
2307.01097
2302.05698
2307.07663
2304.06767
1802.06070
2304.09913
2007.00072
2308.07317
2305.20030
2203.15371
2210.03735
2302.12251
2308.00304
2107.09448
2308.13566
2307.16888
2302.06784
1712.05884
2211.13490
2302.13130
2307.02053
2303.13515
2212.00785
2110.06241
2307.16395
2306.14824
2307.09755
2303.09867
2303.16196
1405.0312
2006.16934
2212.05680
2308.07787
2309.01958
1702.01983
2310.09478
2104.07198
2306.00943
2106.09777
2309.11081
2211.07871
2307.11308
2308.11223
2303.13756
2305.05505
1806.00069
2305.01253
2212.00325
2303.03361
2305.02499
2303.06042
2310.03302
2207.08051
2308.01236
2308.09873
2308.1057
2303.14167
2006.09963
2107.08031
2304.11436
2305.04441
1804.03189
2309.10588
2208.06163
2306.08707
2305.11203
1912.02769
2309.09958
2110.06207
2208.01626
2001.08001
2306.15253
1604.07379
2303.12564
2305.19466
2308.10848
2307.09009
2303.12077
2309.11028
2305.10425
2308.07201
2212.11042
2111.00539
2301.10100
2209.10063
2304.01715
2203.13591
2303.11989
2212.01758
2201.13361
2212.06820
2210.07241
2112.1341
2304.03550
2305.11116
2309.06441
2305.13168
2308.03280
2308.0904
1605.01713
2303.08384
2304.05350
2208.01119
2211.09682
2203.12533
2206.11752
1907.03077
2309.07499
2212.03293
2309.05569
2303.06573
2306.14035
2308.02773
2212.05677
2203.11147
2304.11116
1910.14424
2303.06884
2211.13437
2007.11088
2305.15262
2111.11828
2010.01454
2309.06891
2304.01484
2110.07477
2308.10809
2308.09946
2305.05644
2304.12372
2212.08686
1807.04742
2204.10509
2303.11253
2308.15512
2304.13343
2201.02177
2103.11251
1603.04992
2203.16329
2309.13377
2305.08850
1810.13306
2310.03734
2212.00793
2010.09709
2211.17235
2308.09306
2306.00200
2307.13316
2305.08200
2306.08055
2308.16739
2308.08359
2309.03598
2303.02584
2203.00928
2307.03172
2306.09782
2309.13043
2308.13724
2206.03012
2308.12558
2104.08253
2309.14717
2310.08465
2308.11916
2302.09051
2207.09158
2210.01781
2207.01405
2305.19164
2307.08393
2112.09726
2306.14447
2303.11162
2211.13081
2204.06745
2301.04647
2205.10330
2212.10556
2308.06038
2202.13473
2307.02447
2211.12018
2301.05709
2307.13269
2303.08129
2211.15388
1908.02692
2308.10694
2309.00775
2210.15097
2006.15489
2306.04076
2310.04941
1910.02718
2211.11152
1412.6980
2201.09792
2202.07728
2304.07313
2305.06569
2308.05140
1902.06162
2307.08695
2307.10907
2306.07280
2305.11130
2211.12486
2108.03152
2212.03862
2306.04009
2308.11357
2112.08674
2104.00464
2308.06912
2307.08809
1803.08035
2207.13080
2304.03282
2304.14522
2303.06329
1802.0774
2112.10510
2004.13969
2306.04822
1911.12747
2309.14525
2308.04770
2302.03956
2307.16634
2210.06710
2301.02667
2212.10618
2307.05853
2307.1245
2211.10439
2305.11499
2308.06261
2308.01907
2309.03549
2003.01473
2205.09712
2302.01399
2306.05696
2203.17265
2308.04945
2310.03025
2304.11619
2304.05170
2305.11418
2211.08658
1910.07065
2308.09775
2307.16184
2309.10724
2005.03356
2009.09232
2304.04395
2305.18286
2307.16361
1907.09006
2211.13222
2308.10144
2303.13865
2106.05139
2305.15779
1802.01933
2307.15033
2303.13953
2304.00696
1604.03628
2306.16585
2110.15900
2303.10406
2301.04104
2310.08872
2204.06331
2211.09807
2308.13418
2308.10468
2305.03210
2006.13913
2209.14941
2308.09951
2310.05737
2107.03250
1606.03490
2307.10943
2108.05540
2306.07969
2307.12502
2304.01308
2212.04745
2307.09320
2205.13543
2305.17367
1803.09956
2211.13757
2304.10417
2308.05985
2205.13137
1811.03115
2302.01928
2304.00008
2307.01139
2107.10064
2304.01804
2101.03961
2305.11271
2009.07724
2005.14165
2306.00238
2306.10900
2212.09736
2303.06285
2011.00362
2212.10229
1905.02882
2212.09555
2308.05481
2206.11646
2112.10740
2111.10734
2307.16415
2309.11160
2303.07678
2212.02623
2212.12393
2307.15593
2302.07994
2307.07947
2307.15422
2309.09117
2111.02114
2310.03294
2012.06166
2308.09281
2303.04935
2303.18223
2306.01841
2303.09036
2303.05063
2209.15280
2005.01831
1904.01109
2305.10006
2306.05428
2203.15270
2107.02681
2308.09540
2303.04346
2308.16758
2302.04304
2305.07609
2210.04871
1811.10597
2112.12345
2303.14395
2309.13016
2110.01593
2306.06023
1910.08293
2306.08276
2307.11285
2108.01073
2303.09857
2205.12590
2301.12597
2010.11904
2310.09126
2309.12941
2308.12595
2305.11772
1802.07740
2303.00938
2303.15833
2303.03684
2305.11738
2301.08141
2307.02757
2309.00066
2209.06794
2212.09801
2211.15088
2003.05311
2204.07496
2206.01153
2104.04692
2303.06930
2212.12130
2306.15595
2009.12506
2206.03484
1706.03741
2308.13387
2010.00768
1904.07094
2101.09336
2307.01200
1506.02640
2305.11364
2101.06757
2308.08824
2211.08542
2012.06333
2108.00644
2305.14982
2308.03610
2110.15802
2106.01144
2211.12735
2208.13029
2305.05839
2308.08321
2306.06755
2307.1017
2301.06281
2307.07635
2206.08464
2304.14104
2305.08840
1808.09442
2308.09949
2310.08921
2303.00914
1905.13066
2004.05816
2307.02483
2303.10752
2201.02732
2205.13997
2308.16876
1808.03867
1912.03227
2010.10137
2305.16806
2308.15461
2309.03550
2211.11744
2303.15256
2303.07274
2308.11551
2102.05095
2303.1267
2308.07661
2308.09228
2308.16824
2303.08135
2310.08892
2308.15081
1811.00252
2006.00093
2308.11441
2006.10029
2307.04699
2212.01747
1906.00300
2210.00379
2307.09696
2208.11970
2305.00976
2212.12712
2309.08416
2302.02410
1611.09842
2211.12500
2211.10658
2204.11335
2308.01861
2307.12335
2212.01735
1904.13300
2212.11966
2305.15294
2308.06248
2308.12035
2106.12497
2301.07702
2305.12569
2306.15626
2304.03937
2304.09542
2110.02393
2105.04651
2307.16372
2308.10306
2202.05458
2309.08600
1808.00391
2310.03704
2303.10840
2307.09856
2309.07870
2309.08690
2212.10559
1710.05468
2307.12169
2302.08215
2211.11432
2307.01197
2201.02767
2309.07910
2309.07462
2203.13560
2307.05591
2303.11921
1312.1445
2012.00413
2201.07207
1807.06906
2212.13138
1612.06699
2206.07179
2303.17839
2305.14314
2303.11089
2212.10403
2203.12719
2306.10968
2302.10866
2305.06324
2308.06554
2211.04346
2303.11183
2303.16563
2308.02840
2303.07336
2308.12779
2303.05251
2308.13814
1902.03129
2109.0678
2309.09369
1708.07860
1501.04560
2209.09351
2301.10460
2208.03299
1902.00813
2305.09857
2304.14299
2305.03286
2309.05444
2305.05706
2006.12868
2305.11129
2306.17759
2304.04746
2308.11534
2110.07985
2303.03366
2310.05592
2202.11921
2207.03442
2210.03078
2208.00380
2307.05454
2210.00312
2310.09221
2308.13218
2309.16429
2210.00893
2308.14082
2305.00562
2305.17306
2305.18565
2204.02610
2303.14100
2301.02074
1703.09788
2308.10134
2308.11025
2305.11694
1909.09656
2303.13508
1902.11038
2303.09483
2304.09161
2307.07397
2305.11482
2303.15043
2307.11795
2201.09636
2303.02506
2211.11704
2308.04016
2107.00649
2304.02841
2308.02236
2307.11760
2209.14728
2303.03373
2304.12567
2208.00638
2206.07048
2205.15448
1908.02265
2303.05266
2303.04278
2101.10545
2309.13041
2112.05197
2309.01377
2310.09247
2310.06114
2203.14465
2308.06787
2309.16534
2304.13676
2211.16193
1805.11724
2305.09636
2202.11705
2304.00350
2308.07868
2201.12519
2306.00110
2110.07719
2212.12053
2305.06112
2310.01798
2301.00808
2305.19012
2005.11401
2308.00675
2305.05383
2304.10341
1907.02544
2306.02982
2305.08809
2306.07473
2303.11101
2304.01482
2112.03518
2303.09663
2307.13619
2109.06513
2305.08336
2306.10376
2309.11139
2303.11078
2304.14593
2210.06742
2006.14613
1910.02054
2104.12016
2304.03442
2304.05669
2212.04711
2103.10484
2303.11328
2302.01571
2308.14753
2111.09886
2308.14598
2202.03555
2310.05845
2012.06400
2309.07906
2306.09322
2303.14389
2310.08588
2309.15251
2211.14020
2204.00097
2309.10818
2308.07107
2309.05098
2110.02369
2207.09653
2208.10741
2302.09309
2308.16777
2308.12857
1711.10925
2206.11894
2307.09233
2306.12517
2308.14847
2203.03570
2306.01567
2207.05739
2208.14271
2303.05938
2309.06802
2304.0564
2209.14375
2308.03349
2309.03696
2301.06083
2305.17144
2304.06977
2211.17260
2303.10475
2303.10449
2112.02424
2206.05764
2106.00957
2308.15975
2306.08651
2110.02639
2304.06034
1911.05722
2209.15323
2010.02803
2306.01879
2108.01369
2309.03978
2207.00774
2206.01640
2305.20087
2108.10447
2303.10073
2104.06917
2106.02636
2108.04392
2305.18802
2112.13410
2106.03157
2207.08427
2208.09708
2004.12363
2307.02469
2308.08887
2303.16730
2211.15398
